209 213 4 281 24 4000000 91 4.0 0.02 0
2 2 3 3 2 3 3 4 3 4 2 4 2 3 5 3 3 3 4 4 3 5 3 3 4 3 3 3 2 3 3 3 4 5 4 4 6 4 2 3 4 5 3 3 3 3 3 4 4 4 4 3 3 4 3 3 3 4 2 3 3 3 3 4 3 3 3 3 3 3 4 3 3 3 3 3 4 2 3 3 3 4 3 4 4 3 3 3 4 5 3 3 3 3 3 6 2 2 6 3 4 5 4 3 6 5 3 5 4 4 3 3 5 3 4 6 6 4 4 3 4 3 4 4 5 3 4 4 2 4 4 5 4 4 5 4 4 4 4 4 6 5 6 2 3 2 4 5 3 3 3 3 3 5 3 4 3 3 3 3 3 3 5 3 4 4 3 4 3 5 3 3 5 4 3 5 4 4 5 3 5 4 5 3 4 5 12 12 12 12 12 12 12 12 12 12 12 12 12 12 12 12 12 12 12 12 12 12 6
3 3 3 2 3 3 3 3 3 3 2 3 3 3 3 3 3 2 3 3 3 3 3 3 3 2 0 1 0 1 0 0 0 0 2 2 2 2 2 2 1 3 2 2 2 2 3 2 2 2 2 2 2 2 2 2 2 2 2 2 2 2 2 2 2 2 2 2 1 2 2 2 2 2 2 2 2 2 2 3 2 2 3 2 2 2 2 2 2 2 1 1 1 1 1 1 1 3 3 2 2 1 1 3 3 3 3 1 0 1 1 1 1 1 1 3 3 3 1 1 1 1 1 1 1 1 1 1 1 1 1 1 1 0 0 0 0 0 3 3 0 0 0 0 0 0 0 0 0 0 0 0 0 0 0 0 0 0 0 0 0 0 1 1 1 1 1 1 1 0 0 1 1 3 3 2 2 3 2 3 3 3 3 3 3 3 1 1 3 0 1 0 0 0 0 0 0 1 1 0 1 3 2 2 2 3 3 3 0
2 24 188
2 33 189
5 45 71 78 88 202
5 34 43 50 69 198
5 56 57 77 83 203
5 37 47 76 164 197
2 38 204
4 101 119 130 200
8 9 18 94 102 104 123 128 207
2 125 186
2 127 187
2 132 190
2 140 191
2 142 192
2 148 193
2 152 194
2 154 195
2 161 196
2 163 197
2 167 198
2 170 199
2 172 200
2 173 201
2 174 202
2 176 203
2 178 204
2 180 205
2 183 206
2 185 207
2 51 52
2 52 53
2 53 54
2 54 55
2 55 56
2 56 89
2 57 60
4 58 59 109 162
2 59 60
2 60 61
2 61 64
2 62 63
2 63 64
2 64 65
2 65 74
2 66 67
2 67 72
3 68 70 102
2 69 70
2 70 71
2 71 72
2 72 73
2 73 74
2 74 75
2 75 89
2 76 81
2 77 78
2 78 80
2 79 80
2 80 81
2 81 89
3 82 83 115
2 83 87
2 84 85
2 85 86
2 86 87
2 87 88
2 88 89
2 89 95
4 90 92 120 122
2 91 92
2 92 95
2 93 95
2 94 95
4 95 125 127 132
4 96 101 114 129
4 97 100 105 185
3 98 100 106
3 99 100 129
2 100 101
3 101 124 131
2 102 113
2 103 105
2 104 105
3 105 106 117
2 106 112
2 107 112
4 108 110 118 157
3 109 110 123
2 110 112
3 111 112 168
2 112 113
2 113 114
3 114 124 126
2 115 117
2 116 117
2 117 121
2 118 120
2 119 120
2 120 121
3 121 124 126
2 122 123
3 123 124 126
2 124 125
3 126 127 131
2 128 130
2 129 130
2 130 131
2 131 132
2 133 136
2 134 136
2 135 136
3 136 137 143
2 137 140
5 138 139 174 175 177
9 139 140 142 144 146 155 173 176 183
2 141 142
3 143 144 156
6 144 148 154 163 167 170
3 145 147 149
4 146 147 149 151
2 147 148
2 149 150
2 150 152
5 151 152 153 157 158
2 153 154
2 155 156
2 156 161
5 157 160 162 164 168
2 158 159
2 159 160
2 160 161
2 162 163
3 164 165 166
2 165 167
2 166 167
3 168 169 171
2 169 170
2 171 172
2 175 176
4 177 178 179 181
2 179 180
3 181 182 184
2 182 183
2 184 185
6 0 9 46 67 82 184
5 1 2 11 82 180
7 2 8 37 49 57 69 86
10 3 4 14 19 59 62 73 84 175 177
4 4 6 20 79
7 5 6 19 98 105 115 174
2 6 7
2 7 8
2 8 9
2 9 15
6 10 14 17 19 20 75
3 11 14 139
2 12 13
4 13 14 18 116
2 14 15
2 15 24
4 16 23 39 103
5 17 18 98 116 139
2 18 22
2 19 21
4 20 21 103 115
2 21 22
2 22 23
2 23 24
11 25 27 76 91 93 101 118 129 134 165 166
9 26 27 90 93 96 107 135 169 171
3 27 32 119
6 28 30 34 76 99 159
11 29 30 39 49 57 83 84 99 111 118 134
3 30 32 68
3 31 32 151
2 32 33
3 34 36 61
2 35 36
2 36 37
2 37 55
3 38 54 88
2 39 44
5 40 42 62 91 107
3 41 42 63
2 42 43
2 43 44
2 44 45
2 45 53
5 46 48 81 98 116
3 47 48 66
2 48 53
2 49 51
5 50 51 66 70 85
2 173 201
2 137 191
23 186 187 188 189 190 191 192 193 194 195 196 197 198 199 200 201 202 203 204 205 206 207 208
5 5 12 104 138 201
9 5 13 35 52 65 79 104 138 202
3 3 17 203
7 7 10 36 178 179 181 204
6 1 16 41 46 181 205
7 0 2 11 16 41 182 206
7 11 21 97 98 115 116 207
5 134 140 141 146 191
6 33 134 141 142 146 192
4 31 133 145 193
4 31 133 150 194
8 33 102 108 122 135 153 158 195
10 28 35 40 47 50 108 122 135 155 196
5 29 40 50 58 197
9 25 47 49 68 84 107 109 111 198
2 26 199
7 33 90 94 114 133 172 200
